871
5318
8923
4028
4420
3485
7412
5854
6898
1983
8765
4178
143
722
3208
8016
4061
4145
7945
5049
6323
212
9440
5302
7806
9787
3950
5591
10027
5589
5842
1681
3738
1696
5185
5173
1727
4998
4676
1919
2854
1820
216
6227
3101
7109
1759
1206
2386
1417
8723
8242
1747
1560
2340
1380
2455
2973
3449
7401
9006
6070
5495
4643
4689
782
1790
8862
5171
648
4774
3150
5383
4675
7062
1514
7914
9047
6613
5621
1307
6267
2067
3149
6623
6726
2802
3631
6621
8496
3971
3321
3737
392
715
4020
1192
9411
8270
4869
3640
6056
6925
6696
1062
8324
6570
8072
8028
6733
687
3166
1173
8354
518
4017
2583
85
6734
6981
2483
2047
2363
9374
576
9152
964
8951
6146
2349
6694
8877
9427
2157
9898
4478
1937
4864
6813
2178
3221
9017
9859
9731
4121
651
2146
1449
6117
7025
3530
2303
3676
5464
3465
7770
1393
3387
2149
2066
1975
8802
6455
1897
6825
9077
4561
600
8628
3427
5042
1669
8093
9823
726
743
3863
4842
6637
8399
5272
9758
4498
383
4165
8170
2114
1562
7654
247
8123
6577
8922
9097
9852
4558
8660
7515
3144
2442
5359
5558
9306
7129
3719
9021
6722
5036
3146
1366
9637
3688
7849
8785
6991
808
9976
2115
8849
3417
1357
4207
961
2309
5062
2604
9890
3104
173
6851
1587
6707
3083
6003
5389
1472
3837
9926
8855
7582
1196
443
2117
3070
5366
926
2394
5922
4506
6980
339
52
3510
4578
9009
9969
3287
7786
1657
1319
6164
9550
8842
6456
2373
6529
8839
2767
6899
6814
4289
2249
27
9899
7819
420
3677
8596
466
1436
10055
3968
5758
1181
5520
7656
4461
4868
4779
8925
5179
336
8474
5192
8774
928
2607
3584
5375
2122
829
8325
6356
4568
6708
172
7615
2659
5959
7399
6025
974
3483
9655
671
8150
6794
9971
906
5549
166
9133
7637
2726
268
3944
2760
1551
25
6823
9307
2433
3760
7961
7916
9099
7495
3371
2668
6598
5455
4601
9722
10070
8116
6797
9194
7728
4383
7066
4138
9436
8259
9336
9457
6448
96
7468
8144
208
5431
8964
1963
6469
7842
9538
7762
9330
767
4471
6767
6640
877
1840
4927
3667
6238
3575
5633
5282
7505
6892
10057
3177
6928
9793
3961
9533
4970
1515
8673
7557
8721
9211
3955
7417
3619
2155
4529
10058
4109
7630
4917
7352
2469
766
10074
845
6895
8686
3249
1510
1402
4294
3093
3899
8137
9693
2675
8159
4282
6260
9993
8392
9157
6782
9086
6658
5884
1570
4460
8175
4841
3284
6464
3329
8332
7291
3498
4019
8357
1857
8526
1844
8729
3536
5989
2434
2423
4168
5264
5048
9426
5236
6543
393
1921
6011
6091
5976
9931
9396
7763
8155
8684
9469
319
9024
1528
8163
5949
4820
7032
3141
1639
3638
1094
3250
8059
9113
9217
2750
3982
8901
2636
5331
428
8186
4650
5292
4816
1732
8275
1940
5061
6163
7247
2769
1499
7463
9223
4131
4892
6341
4532
5567
6068
6693
9468
5205
3255
536
2787
1671
2641
6198
334
3770
7055
2783
441
236
9460
7270
7320
1516
7435
6959
6488
8120
941
2409
5693
5739
4507
2465
3199
4850
1837
4940
9591
99
9165
2354
9155
6174
2550
3281
6747
2982
1334
427
9185
2884
6344
9453
6428
3923
8798
8434
10005
1719
1764
6408
2732
3015
2680
9363
7128
2856
9694
4781
9062
5981
6545
9686
5260
5099
7694
3648
2348
2690
7309
4476
3511
7913
2577
9857
1757
9944
9660
3392
3709
6748
5300
9404
7777
3735
9321
1685
3839
9383
8335
8302
7440
1390
2088
1362
6476
6422
5166
1564
5027
4333
6692
7598
1826
4365
4721
55
6291
8484
4231
1526
4107
5295
3265
8482
2414
5017
7690
5951
8139
10081
3121
8993
9106
3318
2144
5654
364
8875
4678
1305
9278
6286
1061
10089
8682
776
467
8479
2364
5708
4879
3209
5394
6038
9459
4093
7743
1387
8379
4999
7208
5601
1869
7585
2980
7647
6680
9105
7041
4241
5246
3112
9817
7804
5433
4893
2548
1200
917
6516
10023
5809
1100
7246
3776
8085
4324
7458
8498
5414
7565
5047
4475
10028
8603
1908
2718
8369
501
4647
4277
3759
8413
8030
9930
2635
6760
2595
540
972
9421
7343
18
6096
10038
4715
6168
3673
4987
9283
2374
261
868
8042
8509
291
5681
9369
1221
7258
9553
9110
512
8909
6012
5194
5421
6555
8778
8577
5167
1271
6043
3004
9924
2064
6106
5307
5177
641
7994
9810
9874
9284
5804
6292
6938
8773
9786
4286
626
1980
6839
6988
5326
5824
10003
2199
3997
8959
3685
4091
2509
3643
5415
4738
9961
10072
9118
4077
7002
4203
1636
778
6369
4037
7439
1057
5866
682
5180
4604
3468
8764
3169
9654
7712
614
1933
4906
1168
6276
8378
9644
3257
8653
4386
8832
7482
1147
7724
2221
8529
3892
1608
8341
6113
6861
7772
6122
6539
9093
3197
3349
1665
4312
7395
2640
6719
784
4834
6470
2770
6804
3394
2868
809
6372
8462
2954
1470
2494
9180
706
6537
4208
2074
2212
2168
5788
5624
3861
7810
8826
1854
6894
6155
1484
3448
8428
2938
3903
10008
1630
1969
8147
1882
1845
7676
4403
701
4573
5306
5088
2215
2388
317
6643
6281
179
280
4627
9752
7767
7521
5847
8938
2916
9022
3338
6396
4410
8457
2782
1374
1197
1491
7408
653
1594
4891
860
7970
9462
8353
6827
588
8536
3840
8146
7155
8408
8181
4677
6978
4218
1070
7233
8903
7498
8098
9938
9955
8974
3581
4402
5406
5314
6738
4882
10048
4971
203
6893
9989
9929
9774
6754
1329
7601
6983
7784
6474
4707
3763
1524
4360
326
9675
169
4155
9508
6796
1827
8377
5594
8317
4989
3788
982
3802
9128
7137
6601
4045
5172
6210
5453
9759
4177
9725
8140
5136
1294
6531
3367
7507
4389
5901
2083
4493
2109
7936
262
3085
5243
10056
8013
3487
3031
8055
4488
3785
3905
9466
8563
3900
6977
9198
2020
2003
9765
9299
3948
5076
7953
6374
5050
8656
4773
945
3309
3478
4606
7254
6561
5089
8978
3251
773
1283
2847
719
5811
8661
9922
4956
2080
9057
6376
3171
8415
1170
1186
4744
2385
7455
3704
6057
1282
7591
3557
2209
3489
833
1762
1459
3352
3116
5598
7543
5102
3365
668
9719
8523
6250
7535
6816
6403
5784
9895
3276
2276
8580
5662
8218
6564
6203
4634
5140
1853
6209
1589
4949
7934
817
1867
10078
3813
9494
3164
9546
822
3963
6989
9230
9228
5946
8730
855
9925
8405
4549
1691
149
1753
4755
7625
3587
3233
5849
6522
7611
2652
3740
7949
5308
9713
6298
2969
7742
8351
4966
1488
9386
7074
1328
4736
9700
6606
8472
1428
3061
519
5474
729
1217
1899
6213
2559
7737
9515
3993
1926
8445
3415
9954
688
1089
3710
7037
760
4586
10011
5508
1389
5828
4920
3435
4108
9761
331
685
4439
2438
5781
4394
1765
2164
1860
6966
4896
7719
1392
2507
6860
1444
7909
8082
3198
8308
8931
7437
2218
8233
3935
8633
5199
6682
5057
8374
8977
1213
8961
9509
1877
9698
3499
3591
2332
2678
3945
5540
6946
4407
5770
3586
9796
5014
6773
6333
7650
4430
9537
1209
2282
3068
2615
9309
8597
3277
2294
6262
357
2338
4265
7508
8872
8760
308
9827
6172
6373
3910
5890
9168
200
2677
4229
3326
6150
5369
4747
9633
5867
2976
5873
3294
705
7869
7768
2958
2485
5749
8681
1629
555
521
6437
3064
9156
9517
5850
5437
8202
7092
6194
5175
6521
513
1474
5125
5407
1194
1884
9886
9647
5191
2589
6706
1539
6347
5008
10039
9593
2723
2584
8902
238
2686
7422
1836
1339
3969
6549
6272
4866
2909
7112
2235
4991
5642
2422
193
3218
1911
8794
6251
9167
7759
7672
885
4720
1834
5388
5098
3271
5687
3092
667
1375
2970
1244
1401
7700
253
505
9940
251
1422
4770
5038
5872
9139
1214
4215
4911
9003
3901
8107
2259
9643
5973
4281
3247
720
6357
7127
1340
4374
9410
5808
4983
9813
6837
7917
9646
2187
2395
8232
2588
761
1896
5340
9241
8300
1923
3520
6779
5845
3017
5607
254
6078
2100
3939
1481
5479
7264
477
6252
10067
3300
1002
405
2405
4537
2251
8948
458
9116
2922
3723
6232
1471
1403
9122
6501
5372
1942
8208
9030
3846
10061
6612
6874
48
8365
8869
4670
3493
10052
4197
3278
1863
4819
1114
6436
9467
6183
3372
4346
1520
632
435
3524
1108
931
8051
910
1559
8524
1938
5862
7480
7329
2537
3543
8550
8352
8005
4878
2752
4575
5863
2900
7963
7338
9933
272
1736
578
8269
4517
6664
7879
6075
900
7761
8169
8407
3728
2490
4856
2486
8087
1865
1602
313
8707
8767
3366
1110
1486
7971
9472
8738
956
843
1610
3001
1118
3537
7357
6634
585
9249
1161
1928
1760
5151
6116
9347
5379
3949
8566
7991
9721
5230
9953
6234
1912
3296
5311
8983
6307
8075
3782
6199
8288
2827
60
3729
6014
3561
131
2482
5870
6585
2546
3109
10004
3466
432
5982
6793
2110
2837
2389
710
7252
9599
8398
9482
9618
8296
9860
4803
3624
1461
1746
9040
740
1703
3018
2570
9070
1398
4336
6698
2492
4577
6720
2419
4152
1143
6226
1592
7030
2231
1427
5623
2179
1588
5338
7590
824
4280
4591
1352
5105
8355
2979
7749
607
7172
7241
7947
7198
6535
8969
3895
2674
6349
4049
985
6618
4150
597
3986
1545
9416
4743
708
1606
2599
2852
4278
4692
893
6404
6321
4412
5970
6600
163
5566
1925
4123
7078
8973
9131
7130
386
6790
8515
9652
9703
7671
6846
5283
2939
4960
5927
6467
8996
7739
6961
6936
5250
6717
986
1322
7250
4222
8215
2695
7544
6509
8626
2342
922
6713
7912
3074
5613
6219
9744
9729
5444
8976
3087
3167
9166
7086
8044
7618
9762
2793
76
9479
10037
4459
1141
2744
399
5848
3244
7215
3965
9775
921
5456
2923
8216
5055
3450
103
5003
8411
1509
6288
2444
7684
2007
5158
4481
3000
1397
1269
7312
1280
5952
3038
6498
6287
990
9432
5689
2997
1466
1191
7667
9522
755
1308
6805
3816
7314
3356
1134
9192
1253
4610
4528
2763
6541
9995
4358
1265
7487
8241
2911
6329
461
3482
8971
9096
9215
3751
1311
7988
1344
3376
6397
4114
5525
6382
9305
9068
7600
6487
694
8380
2430
8553
3172
3238
4151
853
799
3726
6849
5500
7923
984
2039
2676
6595
5893
7584
26
4760
769
1292
8939
8685
7818
6909
1806
8579
9536
2479
6463
2077
9490
9486
7013
5006
2965
1096
10030
2581
7756
2420
2630
924
8134
1438
351
5203
5148
1333
9125
1597
2838
8448
7619
5100
8954
8174
4792
7118
1008
3951
359
5950
4156
5266
520
4935
6742
7134
2530
5560
3053
3467
9825
5638
7459
944
3009
1391
2647
2167
4031
4682
239
6644
9680
5897
2627
2565
2892
3299
8142
8701
9986
2959
8367
344
7114
4838
1113
5780
4044
9708
8780
579
3143
5836
9990
5164
3684
332
8061
1125
1295
677
9353
3855
6379
3325
3220
9130
6627
8420
4438
3301
5707
9170
7511
8803
1503
4068
9287
3529
4217
10082
1518
7019
2471
7410
5337
9277
5963
7956
2032
4213
9224
4408
1084
623
4113
2673
741
7179
1707
1566
9333
2646
598
5597
7445
2981
4465
9844
8011
2246
8736
6179
1382
7864
9406
7331
793
7018
9308
608
7027
6424
88
3708
8388
2874
5800
3044
8797
1530
9642
6246
8251
2999
6466
4981
158
3106
3762
5149
8641
4083
2940
4228
9268
2099
7262
4270
763
2264
2103
7379
3991
8864
1142
129
2631
6045
8591
388
2311
1880
8453
9602
2291
2777
7302
1013
5496
9632
230
3628
5268
5092
4706
1327
8027
8029
8239
1441
4860
3805
419
1986
5265
3931
4054
3937
8074
3804
3689
6519
2467
8792
674
6051
6452
6128
9331
7827
4982
10092
3564
3063
5075
8423
4230
9625
3512
5856
1363
7199
4172
5744
7962
6368
4947
9120
7461
473
2004
4551
2125
4035
287
3834
738
5797
4048
3671
3126
4221
4499
4928
9253
9417
10009
8637
3722
5892
9031
1434
8473
417
8726
1962
2623
6441
1613
5486
8946
4354
294
2944
4382
1767
3058
9505
6320
4509
1175
6740
2930
9449
5423
5385
5852
4254
4671
5277
938
9177
7518
2147
4723
1733
2898
7478
1075
1704
3148
7960
8465
6701
9267
1755
9527
8549
9463
5131
6965
4664
3571
8145
800
7704
19
4491
7496
105
3940
1801
7541
5401
5710
8811
1829
2119
376
7006
1126
1872
4372
2978
3660
840
6551
2283
2019
4802
4424
8813
3256
3204
5545
8449
6962
2391
233
5757
1030
8970
4837
2532
4963
660
2489
5434
545
7645
5365
8744
2418
1547
2185
3071
5273
10019
3883
5908
5975
7863
3378
2327
7097
2694
7115
309
539
4886
8643
4348
9499
1774
9999
7823
6118
976
3824
5031
9276
1035
1529
2549
2525
78
6605
3111
2085
6243
9753
6863
2339
5832
5778
9715
95
3444
8847
593
9503
2953
1680
10024
953
1231
6001
4287
3739
5764
328
6395
1185
1726
299
9600
8446
4709
4681
402
2195
1317
5084
9279
6641
8206
157
1396
8306
14
8320
3035
5943
4494
5467
2217
5885
1211
4384
2796
9532
8505
6877
6367
4756
3155
9098
9829
9845
3574
7668
9779
6326
9301
2072
8197
8219
186
7121
1316
5753
2392
6296
311
2704
1750
1336
9089
5224
2412
8290
9808
6494
7723
4343
7394
98
8168
6006
4809
8683
2920
2842
511
8468
3345
1959
8414
7989
1443
9405
954
3481
1683
1208
2407
5085
7426
7635
273
7831
9039
3926
10015
3838
2975
7192
6815
3976
5974
1395
8350
8334
6112
7069
9707
1467
5825
8340
1052
8068
6866
4332
3385
146
4538
3400
8387
580
7048
7523
6457
6584
1312
790
915
2551
9692
7534
5424
1709
8876
3642
8502
9092
5729
6115
4581
6929
897
8439
7099
2535
4305
7095
4490
8558
1744
1898
2662
2042
6749
9151
1662
8077
8276
1183
6303
7432
4256
8177
977
7617
1729
8402
9197
8143
6770
7992
1151
7174
197
3222
1856
7926
258
813
5228
3914
9935
8331
7390
6833
8642
5059
9656
5629
5813
7204
1847
1684
1502
4185
7418
3894
5968
9892
1507
8063
5461
9011
7838
1584
9012
5977
9175
7514
3794
9034
5086
5393
9549
1624
3874
4096
1313
5506
6854
8998
9304
4919
8160
4355
3568
2321
142
1782
2620
5898
796
6263
2431
7578
7848
4322
6425
7147
4273
5538
3556
4943
8277
6328
1172
5066
8805
3248
6765
4007
391
1936
765
8867
9015
5493
8053
8023
6371
2239
9144
1149
4158
7079
1198
298
1036
4923
215
498
8677
4337
3196
2517
9923
270
9641
9290
1777
8848
5550
396
7368
7986
9160
8578
1855
9320
6873
97
649
3181
5287
6534
9028
4952
5841
3484
6787
4042
997
4125
3128
5353
6826
6675
8908
10045
6510
4451
9867
783
4247
9313
9201
904
6241
711
5037
5523
3778
6628
4881
3354
3269
534
7318
6066
9743
7624
9316
191
2204
6129
4669
4806
1739
3766
1165
3674
5261
969
3194
4449
515
6151
8882
1411
6105
8972
8117
8382
1493
838
6268
814
6149
1935
1130
6504
1879
8852
6581
3292
8880
5410
4942
1635
3615
9889
3981
1631
2754
2041
67
5625
1050
3270
2789
8261
1404
194
2786
3113
9901
5953
456
9882
4480
586
8644
4622
1445
7253
8222
5668
8318
888
5450
5772
1718
739
8188
3370
7865
5719
8133
9943
6144
5919
2263
3446
181
3551
5363
1563
7568
5209
2381
2834
5229
9428
3207
3119
8960
8032
6841
9293
8571
7287
4548
6375
5220
3604
8671
7902
3803
6865
8264
6079
4582
6236
4129
7882
4310
4997
32
2724
3182
9315
2021
2297
2738
6808
528
8041
4646
7581
5678
4401
8497
5325
7326
1477
7835
8916
1025
8236
1878
5399
7391
6677
9590
8930
2461
9447
4364
147
1628
6451
7566
9543
4653
4137
8344
3041
3230
4735
2791
8697
6870
8618
145
4087
1658
7794
6792
1226
8456
3173
6107
6828
633
2755
7093
260
9873
2476
9884
4973
4931
6897
10002
7593
6444
2105
523
7231
5860
1430
2935
5914
625
6548
9853
9677
2871
1473
3369
7201
1958
10018
9739
7983
9851
2918
8968
3243
7367
3203
1656
7820
7216
9487
8489
8375
6148
3136
9033
4238
3168
7787
6777
2248
9264
8395
5519
8080
4857
5945
1580
4353
5894
9802
445
7905
6819
3095
7131
6074
9100
352
6228
9797
168
8906
9312
1811
8121
3964
4631
4233
8190
5010
8443
1011
6002
3911
6020
5957
6244
2335
10014
7000
5054
4810
7434
5742
2333
2307
7210
6479
9027
2563
485
7060
9485
6987
8750
5063
368
9770
1373
9233
4968
6137
7638
3661
3437
9419
1548
4979
6523
3868
2654
3552
1556
8058
9178
300
1106
2506
2499
3139
3079
9678
3159
6843
5278
8195
2828
3162
5503
9244
3860
3258
5925
8782
1219
6416
5202
1093
9352
9974
1749
7929
5530
2649
9557
4666
7689
7775
6817
409
3232
1277
6771
8307
6975
7740
4964
1553
6725
8958
5818
6468
3344
5128
577
6477
2230
2456
4745
7336
8787
2907
5939
7814
554
637
7549
6365
522
5794
6818
2293
9769
718
5726
6130
4081
9659
5647
1199
81
3184
3865
5163
2097
9941
6277
7315
8018
1578
9674
7548
5253
7212
7077
5030
7260
3073
2861
4984
6460
5916
6557
7284
4717
996
83
4590
5198
7596
7153
933
6064
3110
1302
9528
737
2183
5341
1032
8060
7296
8421
1537
8808
3115
7732
1033
9
5483
1304
2666
3998
2346
5360
8770
1072
7073
6127
8360
6917
1968
5499
6842
4302
4422
283
6688
6154
4069
10049
2648
7094
465
2539
2803
3810
5978
9171
8666
8539
4693
8675
5628
8
8368
7052
8103
5675
8079
150
3869
3161
1303
3589
9958
2818
5067
9225
3654
7248
9783
9540
8655
2014
7228
2435
3829
3707
5069
2260
3262
5026
3588
4565
1248
6762
3223
4729
3022
5181
500
673
5746
3652
4576
6201
9048
4279
347
8689
3440
3443
468
2425
7035
4118
6133
1651
3368
6392
486
2201
2033
3065
670
3960
8917
6000
2216
106
4112
2036
6026
1131
4699
7969
3644
4570
6947
8330
7674
3823
5446
2504
3016
665
3267
9123
3583
5909
1653
5640
5650
7673
4339
6310
8419
2128
9340
5023
3613
6048
8830
854
1786
1512
8254
9234
8531
4616
5929
8135
6094
2152
6709
8706
9562
7633
8911
1073
371
1400
2693
731
8273
2081
3811
1028
5864
7235
10021
9513
3538
1171
4308
1210
8153
5513
9649
7442
4405
2859
4497
4765
4202
9154
9259
7685
314
4862
2254
2921
502
305
9756
4518
2798
8799
8481
5080
4089
4413
3858
7803
4472
6212
7494
3077
8745
1740
6239
2893
4391
2619
7880
9064
214
2735
7433
2626
3441
5826
5487
4877
3692
6665
5565
8461
7484
6351
6300
3851
3337
1238
862
7305
3663
4392
5649
8088
3129
8272
2522
1399
9885
8476
2638
6098
9403
8650
3922
6636
5947
1216
1259
4972
3626
4825
8131
1687
301
6499
5998
1152
5207
6632
8238
6410
9080
5070
9430
1593
5386
4683
3843
9108
7342
4951
5517
4639
2873
5108
5110
9972
6334
2313
3717
1666
3362
9164
7102
675
2127
2795
6594
4625
1664
6195
5039
1018
4651
2808
749
5715
2616
5417
5071
5162
5960
5690
222
6731
6010
1412
624
3231
4130
7941
6261
6560
1047
7540
4135
4269
2946
3504
3746
8480
1394
3241
9260
4766
5029
7273
2826
3290
609
8299
2768
4936
3515
7380
8246
5683
998
7670
9785
1234
6571
2
9257
9628
9670
9235
764
7378
161
9865
310
5702
4522
9091
6169
6420
9603
1351
3569
2107
447
6071
2262
6775
2029
7769
3878
4641
4644
2232
2933
8740
6335
7224
5680
4821
2698
7785
278
9684
802
1048
9863
2936
2250
1519
3033
423
1184
966
2950
7068
6459
9013
6511
1042
8980
5658
7828
2463
8450
8258
9058
794
7400
8371
4071
8281
2515
5776
6912
3725
4179
7358
3
3089
6968
5
6093
9620
4598
6639
3298
4763
1006
861
2190
6885
4932
7537
4409
320
5371
3773
8967
8429
5219
2553
9777
3052
6192
1763
7900
5541
1819
41
4144
8267
8045
404
5563
47
5033
175
244
6752
880
6651
9001
3195
7384
9270
5834
9789
6930
6568
5616
4876
2867
3192
1792
225
6923
8002
6524
4159
379
4835
2797
2258
9794
2794
6147
2480
49
8440
3567
4793
209
8118
9327
8248
155
5615
6956
1148
1309
6635
8620
7867
9338
2428
7610
6755
6649
475
2988
7944
9648
3405
8956
3351
7051
2213
3314
1670
3359
5980
2457
9252
7046
1369
1954
1822
5559
7716
4012
1965
1157
5334
8893
1341
2600
9286
5223
8171
3921
927
1001
9584
993
6443
5133
4316
7416
3716
2719
6724
2362
9280
4483
3612
59
205
304
5293
6940
5740
3130
6031
229
7982
1371
7783
4267
2990
8889
4237
7034
7021
7587
7966
3597
9687
69
1229
686
9975
8984
9571
8141
3896
4187
909
2886
4272
4502
1601
10044
7752
914
9199
3655
7111
3687
8149
3174
6327
5339
2208
7003
3523
584
8039
3611
9345
2001
4501
6224
335
7479
9970
4014
8348
8584
1085
5046
7490
4432
5259
2845
6278
5933
2912
2843
6018
884
7239
4220
455
3862
6974
3775
8231
7355
8224
9295
337
6855
4258
4527
6944
2753
9947
3841
2344
995
1893
1768
4805
1654
4685
7972
8043
8475
9377
265
2733
8444
4526
2310
4474
8963
451
1163
2317
4588
1711
8581
2026
165
1595
8122
4369
8757
7285
8574
3305
5888
9501
6297
6702
5979
652
7682
5527
1494
2366
3694
9025
8561
4421
6686
2706
24
590
680
4939
10013
5124
8209
3140
70
9768
4624
4119
3447
1153
4540
508
2219
2411
1330
213
2478
2229
7889
315
4440
2323
160
1804
9980
5907
4525
1263
2512
3881
5657
8587
4776
7513
6114
361
1067
1982
7519
1761
8712
4674
9189
8383
2642
4078
38
8294
4787
2193
4303
804
2639
3535
10075
9348
5903
1164
1224
2256
6402
581
434
1150
7640
7449
8022
118
6611
8904
3532
3402
5720
8007
8609
2372
9339
8881
50
8833
908
1112
5741
8704
9510
3531
4046
3798
2096
1752
7552
7666
10094
5233
5632
4937
1365
4654
3848
4785
2560
8266
8100
462
9444
240
2671
2926
4930
3880
7486
898
4796
488
7194
2715
7937
1315
1027
8843
8708
2379
4574
8592
8776
2116
9668
3506
6880
5058
6139
6124
1583
4106
9848
9534
5216
471
2696
3844
5206
4724
717
5376
2402
3081
8720
9056
5041
7579
4100
3137
7627
3580
1889
3002
6528
7751
4330
5381
610
889
2925
4512
9681
7875
4452
5409
3170
2091
7404
1350
3558
387
7325
4423
6653
3885
5522
5427
8125
4903
7350
3954
2807
5585
981
6811
4907
7345
116
1905
987
6674
541
9174
3412
8313
10043
3308
10020
2449
4095
4543
4317
7307
6512
5043
4034
8129
4994
9132
7028
424
5736
2318
5425
22
9589
1868
6580
9838
2224
9196
9359
3962
7623
516
5835
6386
1964
1743
9948
1626
2727
8390
4053
1388
4815
2710
594
5667
2062
834
5617
1031
2233
10064
9973
6669
561
9380
6085
9055
8083
8458
1645
3156
1575
39
6799
7245
9464
5130
1870
8696
5738
9799
2133
2055
4600
1290
2320
2533
6711
5141
1083
3042
8635
8339
6123
7156
7146
4814
1598
3879
4926
7359
7589
4307
6678
4325
7908
6751
4009
7522
4160
4505
7512
204
8076
702
9855
1979
7727
358
6366
1353
7010
2527
9143
8647
9412
5722
4780
2576
7105
46
7185
6156
1950
8512
9150
5022
7293
4166
1385
7297
891
9841
2554
5484
5240
2894
4615
3756
3517
271
6809
3870
10012
10017
6380
4328
1541
4313
7158
5510
10076
2670
2300
5964
4584
4799
7793
8625
4757
9836
449
6102
5555
56
8336
1071
907
7007
3820
2244
7383
2399
2812
7861
9310
2815
2896
1612
4240
453
3953
6354
2592
3790
5161
8455
5143
5686
3389
1851
4242
1932
1675
7088
7943
4111
8031
3528
1745
5436
2328
7854
1080
5637
8050
2784
8425
9966
1274
6915
894
3418
1873
1984
4022
890
7308
3930
693
1059
6009
6423
8097
2691
9608
9530
3165
2090
723
1948
6990
4331
9963
6472
6848
7834
9723
8256
82
9498
847
5935
10053
7049
2245
6753
5763
8406
4933
1257
183
9928
546
5679
7373
7781
5792
9861
2611
6750
9747
1137
7718
8926
1702
7887
557
9650
8790
2855
9187
7113
991
7098
3316
2057
1298
5755
934
5501
1437
7475
218
9548
7821
4925
66
7223
6924
2914
4334
159
5605
7493
5237
259
6879
8092
9840
4684
7856
2788
8034
7319
4626
550
3540
3327
2278
4761
4637
2866
3055
234
6089
8814
6409
285
2721
5997
3413
7855
3501
9172
295
5700
3887
3253
6672
7939
1843
6282
8519
3546
6503
5083
1734
4602
6215
5765
7476
1881
2851
323
5244
601
754
4157
7240
2657
5699
9781
8004
3375
6208
6852
4032
1251
7009
1310
4559
8822
9271
3471
3959
8154
8583
2223
5815
4357
3691
4975
2203
7800
256
9214
5488
494
6784
2992
16
3360
9607
1043
3094
4534
4541
8892
9190
9776
691
2487
6999
1544
8109
3078
4261
3160
8493
9389
4024
8817
5081
231
7698
7933
4232
4400
8645
8470
72
4186
3118
7415
9875
9303
2883
785
6759
3151
5380
1714
572
7995
5056
5531
3227
110
6049
167
8327
2286
7805
8130
5515
296
5193
2315
4079
9992
8084
2138
7283
8106
2306
1377
6062
3010
306
3390
7269
9366
792
7316
2416
8196
3280
6679
506
7558
3185
7202
5990
4740
7688
6732
1415
5948
957
5491
2811
4309
9669
5696
9183
1178
5985
3792
9614
220
4976
102
1931
8953
8567
3225
1188
8148
7614
3812
850
5593
144
7836
8885
2336
634
7576
7655
5727
9547
7374
3048
7140
8310
9850
7901
5718
9483
5146
5396
9651
3023
6253
9621
6015
2365
7802
7275
7456
77
6745
3062
8575
526
2214
356
6769
4808
2071
6138
6609
8113
7126
3332
381
3414
8630
5374
2785
9002
3347
786
988
8433
1815
10098
8511
2578
1242
8441
7550
531
2575
5665
8321
4555
1946
2835
3815
7996
2748
681
9227
2225
6084
631
7170
8894
8096
7892
9492
9337
4731
87
4464
2761
5694
463
6953
7100
2881
3570
8249
4245
8919
4617
8816
9506
6383
5670
5576
1451
1038
6090
6427
3488
148
8554
8883
9051
3983
6390
2123
1107
3875
514
6972
3091
6072
4
307
525
4319
8494
3274
3934
5174
7029
8899
6576
5262
6647
3516
8157
3639
7583
9801
3621
4788
5676
4580
604
8669
2977
1478
2712
3266
9035
1408
2102
6361
5182
7813
3711
750
2060
2688
3268
1623
3237
656
4293
5748
2432
9231
4201
8695
8217
1694
4147
2529
360
5553
7570
282
5103
8929
3906
3439
4251
5107
4199
1452
4224
9688
6969
8064
6283
430
5954
727
4824
2082
9362
7421
9577
3849
7382
345
7387
8303
735
1476
8183
7168
5281
4833
4608
8347
6960
3884
6044
7766
9381
1331
6663
8026
3666
4941
538
2037
4524
6812
4248
10033
587
4027
8530
224
657
1641
9564
2325
9560
3916
4618
4441
8933
3102
454
1342
3777
7243
1506
7376
3273
4822
4883
9902
8866
4454
5485
2406
8646
5630
2927
5471
8328
1158
4985
3733
2810
9407
7976
1861
5475
7894
3706
235
7664
2579
4161
7227
1154
2708
4076
2274
5987
109
3645
7874
2737
7026
9809
7959
6774
2964
9019
892
3399
3312
8279
7303
1678
3610
4101
4545
6092
1832
2609
8602
9420
5891
9733
6432
7299
8595
6687
6964
5330
1367
943
6695
4133
4811
389
797
896
1498
2809
5138
9112
4613
9671
7705
4777
3578
2606
7780
5298
7595
6776
2170
7824
418
8654
9029
5760
4397
3595
678
7430
8136
2699
2316
7546
2756
3845
3795
9238
4630
7289
6109
8486
413
8305
3942
2937
5564
7696
9552
2355
8621
7054
9790
6881
8192
4323
7629
9662
1314
397
9107
9804
3918
9606
7860
2189
2237
5644
3339
8769
6242
2198
1540
8715
9613
8040
7163
3303
8179
1803
7339
2557
6778
5373
3502
9697
3789
721
2679
8518
1383
1523
8329
3445
9288
1800
1947
5452
8295
4794
654
4043
5889
2596
886
436
8585
5971
107
7084
7226
9141
4955
9795
8538
8094
1123
7356
7427
292
5756
5590
770
2106
3721
6083
7014
1690
61
8311
3915
5279
2078
6629
4988
9978
5113
3210
9489
2030
4909
851
4128
3490
3936
8663
4051
2891
6290
9218
8263
7504
2400
3072
8417
7207
9891
9771
8988
9200
3978
4546
1448
6642
9714
5912
421
870
1016
5025
2816
4388
672
3406
6294
8676
1818
6170
5803
5704
7063
2624
5139
7139
2717
6714
1866
1616
3984
6685
8781
1978
2502
5028
2308
2850
7469
9915
8240
3890
5769
3355
9161
7141
2154
3821
7332
8292
7448
1706
8381
7110
999
1066
1821
7847
8412
482
2289
2644
7157
1955
2601
2253
3658
6453
7791
640
4875
6358
8947
7872
6795
6034
9014
3080
6311
4227
5303
3847
5807
4295
6533
2357
5462
8614
1104
2993
3784
5996
2450
1116
1672
8887
2009
4274
3545
841
7059
4469
9985
5007
7884
967
1699
2360
6655
8346
9811
2521
4169
1558
8674
174
5078
269
2994
1766
6141
1190
2928
3123
7890
7967
1115
1977
5015
5310
3213
9663
9239
742
4993
6135
9843
4492
2497
5965
7603
7616
5024
8702
1092
9574
6132
6554
4074
4455
6378
3600
3043
3495
3291
8874
7313
8598
4847
6985
8943
6188
6500
1596
7846
7267
8716
1646
3627
1204
6614
1659
2341
1288
9991
9807
8386
5304
4996
2962
3787
9575
9261
3999
779
8735
8806
2618
6435
2079
2747
8719
1087
8111
1972
2822
962
6023
8534
7958
1368
4843
1902
6976
4223
8286
6824
6254
9236
2484
2359
9994
9502
4219
2255
4435
6240
7278
1807
2625
6565
3012
9911
9622
7651
3668
6483
1617
9818
8698
6054
1615
2932
9748
3818
8819
3791
5168
7044
1227
3234
6945
9401
4986
9243
4596
2543
1026
1361
4211
1105
3391
330
3097
2148
1177
51
4867
4189
1609
1895
9018
6182
5735
1343
7071
6041
7040
8322
1261
4691
6867
3353
9203
8722
7164
9803
4436
9134
3320
9746
2040
9042
9050
7452
5709
7150
6237
7348
6301
6920
5899
1046
3761
8385
903
1538
8284
1247
1874
7871
8568
5902
865
9896
5301
8110
4597
7220
8401
4899
3932
1915
1796
3817
7563
6671
4183
8105
206
9291
5137
6546
7642
5245
6996
3827
7372
2904
7125
1944
5747
2163
5843
2143
4652
7748
1254
2778
8424
5798
3659
5787
3098
1603
101
2008
6563
6405
5060
2177
4431
6718
4649
3295
8589
6800
1770
8167
2513
7998
132
5364
1571
4149
1482
2505
8478
7261
7815
1862
5352
537
3384
4192
3700
7840
17
8664
4749
4530
1550
8214
7409
5660
2176
125
2645
4539
5090
5962
5249
3157
9470
3889
9379
6266
612
7229
7665
5879
567
7209
9883
6505
79
6331
4485
7663
9480
3693
9927
1824
2705
1297
6040
1831
3548
6229
3409
6059
6339
2058
6746
6449
3768
2279
4859
2772
4716
8315
7915
9322
5335
8469
2746
965
7910
6029
3067
1321
1567
2848
4521
8700
4910
6309
1697
2700
10097
6744
1291
8309
3364
8896
9962
4271
3871
2448
8363
9914
3313
2051
1521
3653
3003
7782
3122
9846
6984
1901
1611
684
5153
8679
9657
8762
476
7506
8860
5724
5332
9667
8949
6319
3947
5065
5189
5783
284
2663
8234
9008
2846
8600
9539
4266
7101
2458
1139
7706
2567
9615
7859
2025
2284
8846
1024
8560
4722
8095
9946
3836
1951
788
3656
6017
6982
8203
7580
2429
8158
9529
2989
10016
2947
3007
2165
983
6454
7149
3224
5773
811
6377
1182
9158
7175
7799
8193
3497
1014
1957
2087
2968
5635
1020
2234
3683
5184
4180
1814
7796
8008
4250
4612
4887
2468
6761
2337
5155
6471
4695
844
489
7954
4140
483
6502
6217
7721
10093
450
8601
1132
825
1236
1457
7710
1076
9300
9587
2207
4226
7928
6434
2440
8108
4813
1688
1533
6175
7778
2523
3398
7183
2038
6993
6315
290
9213
6667
3028
7036
64
8593
3404
5165
4605
596
7562
3800
9724
2824
3310
3191
874
4924
3891
1129
7017
6430
6921
1773
6918
9397
9346
1041
6829
8104
8091
8772
1909
4954
6997
7189
9814
1793
346
3505
4005
8361
9750
7516
732
7340
9373
8416
5238
9384
5652
1276
6305
3623
6619
6173
2534
3066
7594
5418
9262
7726
807
970
8204
7858
6850
4519
7699
7604
140
1318
9075
5713
9736
1693
6785
827
2065
8907
2093
8856
6073
3977
9272
5942
2108
7990
4854
4503
4457
1890
9720
6362
2075
4599
6538
3996
7826
4978
2984
8319
2985
7873
3913
3069
7081
6157
4252
9611
4275
8364
939
856
2681
1661
9558
4672
9682
5882
6069
1356
378
7613
7907
7930
3657
5350
8771
6158
9904
3867
4047
1858
3715
3606
1758
6703
8358
8651
5507
4592
2322
6791
2084
1572
6211
560
7255
5938
8754
5705
385
7217
10026
8841
6871
1772
8962
1708
5492
2343
3637
9202
655
7072
6350
762
1045
6886
8858
6223
9204
7473
1504
10080
9551
8613
3410
10071
9036
8873
5473
6317
8508
4726
8557
6007
6458
7203
1525
6661
6160
1044
9085
2995
4426
9866
7148
474
7294
303
5358
5020
2441
2605
9835
1145
1888
4657
5362
36
2136
9578
4006
1871
1029
9815
2655
3105
8599
4798
8081
8779
7385
1258
6053
6954
8725
2470
9822
7940
4845
5814
7857
971
7641
2983
1012
5529
9229
836
2682
9695
6780
9004
9887
6789
1420
3672
1406
6836
4980
4495
6967
4263
6489
3856
9090
1568
2580
1999
3228
4510
480
1009
2393
6970
2885
1230
3025
866
7043
1021
4080
329
5377
9735
182
781
6385
7987
8427
3401
1239
1037
2271
2776
6884
4648
3699
5122
2130
2544
382
5121
2011
1256
6022
9854
3453
6316
4874
7211
324
4974
7191
3494
6265
2113
5775
6340
10010
9525
8086
8731
2714
3853
8487
2050
5712
3285
6036
1700
4291
8915
5342
7489
9903
7471
2730
4772
2743
9870
2651
1934
8262
8845
5005
94
9071
7677
7423
4679
6052
713
9045
2475
5532
7123
8658
481
5144
1966
8343
45
5762
6
4889
6284
2503
7621
8868
3423
3576
3302
650
642
4703
9907
5631
2153
9121
6101
9195
4944
2481
4075
4898
6890
439
9834
5991
1003
6582
9082
1586
4117
6039
3514
4957
7104
5967
5378
8878
8854
3664
5045
6622
8895
8815
10099
2697
123
1532
7851
10
1407
3620
6387
1255
9246
3590
5915
4320
2181
1101
4314
1775
3342
1287
7386
9184
3565
7812
5035
7639
5844
4620
8546
9368
6314
2598
8362
5222
9126
1086
3701
2173
837
7169
6547
3215
2445
4255
9247
2196
6275
4662
9740
6888
2561
1166
4965
1122
1582
5390
5910
8015
6285
1842
7532
2590
5178
6514
7555
4425
8784
9311
6615
9115
1128
4326
7274
7729
8851
8703
911
5831
6189
444
2034
5505
5920
8924
1088
43
9441
5451
7942
5429
2145
3082
1649
35
2739
7120
1650
8766
4865
9079
3432
8756
5329
4750
683
2267
6943
2799
5853
2870
9689
2518
8119
2542
2878
2831
751
7734
3732
603
8900
3975
3134
6559
7560
2092
3407
595
2265
2269
2865
7977
3090
3433
2986
2151
1715
113
6607
2751
65
4904
7082
8054
2398
4629
9007
8768
1299
1176
5944
8604
8965
1676
4636
6906
7948
5002
2974
7703
4623
4066
568
9511
5324
5745
9220
2684
3343
5734
9636
2159
5790
7631
4710
9755
457
8490
6184
7497
8941
3509
3989
4427
8021
9685
8228
8460
8200
9452
9893
5034
6485
7015
5312
6599
6414
8890
9385
7634
4341
7450
100
920
5457
7539
9179
1289
4660
9839
7678
4352
3924
8162
6061
2329
8688
1252
2118
3503
5333
9104
559
1620
535
6858
3429
7039
7843
4742
7353
4967
3748
881
9265
5579
4367
1859
7978
4085
9342
3987
4124
1652
4990
2266
6271
6883
9387
8631
6575
8588
7965
9038
316
9355
2104
2277
6330
7968
5004
5556
5196
355
275
7001
7349
4070
2660
9764
6186
6617
643
6645
5986
780
532
6028
2587
7020
6257
2089
1712
699
10029
6274
5544
2830
6259
7311
2368
237
7257
8337
2326
2240
1354
8619
4344
6919
3464
5588
5827
5823
1421
8611
5160
1082
791
5317
8265
3908
946
1640
9828
5697
7829
9188
5596
7154
1781
8073
6689
4116
6161
1621
1372
4025
9424
4705
7725
8749
6121
2443
6218
2498
9415
3980
7236
1410
6391
8746
1991
8870
3956
8859
5127
8823
5958
1695
7091
4863
8800
9023
3323
4958
8940
4132
9586
9531
4376
9329
566
1019
7524
644
4712
6574
835
8024
3577
7213
9285
8985
8046
7481
3541
8510
2759
4783
7899
281
9248
8755
5830
4038
7173
5276
6544
7244
10031
10087
4562
4789
5428
5443
370
2722
872
8632
3469
975
2967
7413
4184
3420
4345
6110
3491
2142
7720
2356
8033
2510
4913
248
28
8759
7290
184
2781
8783
9388
9745
2045
170
4377
1268
8713
1169
5248
8492
3809
9382
662
5799
7196
8834
4846
6668
7454
9061
6439
852
1900
9592
8952
199
6536
20
3188
21
815
2650
2552
5280
1674
7747
2661
864
2188
658
3771
2948
5728
1004
2175
6352
9069
6046
2913
3832
3496
6712
8837
1956
2628
8888
2358
2745
7144
7530
4390
2046
9701
7053
5575
3974
4607
5336
6590
438
3455
5509
6399
4102
8393
9673
935
707
3919
1689
1728
8101
4535
7571
4342
7411
3138
7609
1992
6684
4953
1910
367
9937
4301
2376
5227
611
4073
1098
8488
9076
8501
3518
2129
5440
1805
6856
8727
2571
747
8559
3850
394
3822
9879
5664
4852
162
8665
8252
5498
6566
2899
2736
4105
5733
499
8114
8389
8410
448
5156
5356
1485
9292
5419
7852
1007
7713
6495
8090
426
5900
3357
2919
963
4361
9507
6264
3476
7531
9037
9016
442
8732
2956
1961
245
6596
3060
9350
2375
2227
3742
9273
2304
2637
1633
1990
5087
6572
7467
3216
6810
4804
9658
4673
5759
6756
8220
177
575
75
6401
84
6803
30
3539
7142
1429
645
759
8006
6602
3027
1159
1754
4718
8865
2437
1710
9964
7446
5019
2972
9569
2853
712
8857
6994
8590
9767
3979
1275
4734
9159
3927
2048
4484
806
4011
552
4395
9710
7351
4072
7833
3107
9512
4443
9766
6076
8576
2345
6942
1783
7310
6862
6197
9516
9147
3678
9996
7844
4782
9450
9717
178
8132
6586
9365
1927
2464
7750
9732
9138
3317
6491
6214
1535
9631
9712
3019
9282
3596
4564
8975
1431
9117
7491
8657
8282
5639
638
6764
5320
4385
591
4801
5091
2182
2844
4614
7868
8173
6196
7354
3828
6911
1557
7845
9477
1338
9945
9541
6355
2707
5546
859
6783
5445
9691
5752
2729
6289
3695
3617
4560
9435
1771
7438
5120
4057
2585
1756
1053
3547
6508
3315
7925
1187
8955
8396
8376
9908
4708
8014
4335
9629
5511
3145
164
5703
7841
2996
2908
9763
3403
8562
5094
2823
9043
6691
6690
7424
252
9782
3972
10091
6145
8312
3559
4900
5132
4688
4110
6480
4288
3519
9583
5618
3178
3743
5214
2330
1585
1918
8607
5941
4572
9163
3013
6131
9738
7076
2290
2370
2035
8918
2068
6440
2305
4415
5150
2459
7825
8112
8156
9580
10050
1794
9005
7997
9619
6486
8194
510
6620
7896
571
6788
2496
2971
543
8717
5123
9704
4120
3319
5547
5896
5846
9448
8503
2758
4198
5779
9371
1500
8777
734
716
8610
10077
1846
9206
1228
4143
1060
4015
491
1663
5956
1416
7161
2757
2404
4642
5347
5176
3397
10000
9831
10063
7187
4807
9205
7744
4306
4791
5604
62
664
6900
5766
9754
8430
8763
7328
3135
1201
3206
4060
2943
4162
6820
6727
3857
9519
9806
2211
3831
5969
5875
407
6312
9998
5602
1634
5822
6532
9442
9918
4276
9488
925
6359
40
9760
5284
406
6562
5313
2298
7089
3859
2889
7559
7745
929
4759
6482
5682
8047
4554
2299
8291
3020
7733
5465
7431
10095
6060
4399
9325
1590
2222
6004
3527
10059
7047
5387
7567
10040
1812
6037
7779
8752
7620
5924
8326
2028
1469
1381
9129
5241
8372
9792
4381
1068
4515
8180
5208
8432
9423
9734
6338
8467
9856
5416
947
2261
5730
8623
5955
8226
8221
1894
4775
1945
9207
887
2353
289
6178
1051
6914
6807
1960
119
7680
1119
9402
8394
6608
1017
5691
4063
8210
3825
582
7885
4946
8545
9634
1989
5608
63
3649
4378
137
211
5806
8957
6525
6552
1235
1830
2963
2126
1751
9520
5714
879
4486
8789
2024
7160
7975
3522
1531
589
2887
6016
6394
5135
2829
9275
5213
6853
4992
3133
2367
5648
5225
9318
4569
8612
2426
242
2526
54
544
5269
10054
1358
3852
839
7363
7396
2564
9683
9274
923
7344
724
8824
4563
7143
5323
6616
9612
6342
9610
6939
639
3754
9324
2664
6143
440
6705
5344
8739
6187
5801
9136
8886
4375
3682
5627
3456
5188
104
1816
7300
7295
9297
5328
4283
7460
4029
3603
3462
8403
3647
1721
2941
138
5561
4912
8522
7366
9623
4668
9400
1349
3625
6798
2477
9478
5349
4082
5186
9344
9576
9916
5661
1144
8791
1446
7701
1941
5671
8373
7282
8345
2632
3592
433
5439
1776
9661
9258
7683
4728
1109
7653
8944
883
3952
7370
5270
646
6406
4767
8825
517
6176
7381
2006
9601
1335
3226
7271
3005
616
1985
846
6013
5659
7447
3396
3864
820
8997
9081
1456
9917
7973
2806
3690
3311
7
698
5315
2762
4795
8932
4311
1809
6951
895
1237
10006
9645
8556
3286
5833
15
659
2270
5611
5384
9084
9826
1479
4260
1490
1886
5072
7272
728
3835
5666
2351
5904
5239
7722
7116
1010
2741
9757
3912
4003
3050
9491
3264
8506
5299
1207
5789
562
3293
7964
1789
6256
9343
8071
6450
8692
6202
3650
9431
9451
7360
9556
4419
3898
1454
6834
2998
9052
7877
2614
3966
6941
2495
7974
221
8912
92
1281
7232
3750
6704
7321
5432
777
9495
7529
128
5012
495
4444
6008
2949
8513
5918
4013
5983
4751
7298
3125
4018
5905
8937
7903
1223
7952
1222
4873
9772
5858
2790
2621
3995
9219
1839
6772
948
9242
1497
8921
5706
4212
2541
5187
8986
9140
154
5481
9727
1296
5785
7281
4797
153
5215
9555
7457
5572
2858
8020
5231
1386
9212
1730
5796
4818
6167
6047
2292
6631
2257
6221
5677
1127
6388
8065
3229
960
4725
4406
6859
9500
7927
1970
288
3306
9475
5286
9832
2864
9481
2462
1904
2862
4536
3767
4727
9909
6995
6905
3032
6625
6293
10060
7171
9361
1102
2629
4915
2610
6973
6715
487
9354
9568
3781
7165
5257
9429
5441
437
4098
8223
2792
4823
867
6591
8543
151
9897
821
5582
1998
5490
6932
8359
7883
1
2043
2466
2593
7407
6363
613
7681
9780
6553
803
7301
2017
4340
8227
4050
7083
4055
5673
979
6081
6507
8225
5612
264
2302
8000
2352
9830
8067
136
875
3075
1414
8285
5183
1423
7795
3297
8659
6216
1914
9950
5074
7830
7090
9672
2952
122
3670
826
5688
7425
4828
6497
7837
9951
5695
241
6952
2131
2500
8913
9102
3917
9544
1099
3605
1667
446
5351
771
5580
5674
8828
4146
8898
9559
8451
8741
223
3011
5837
4836
8182
6032
1468
564
848
8442
7122
858
4262
37
3779
7999
700
3797
217
5877
2382
7499
7904
250
7193
9446
8187
3348
530
3941
2312
1724
8624
8466
497
8950
8552
828
1841
8437
4164
1359
9254
4097
7263
5663
6847
2172
8384
7575
7741
3045
6353
8801
7717
7483
1668
7862
7181
5118
6415
5147
5044
7746
4661
4995
1091
3525
1785
692
7103
2166
2775
2765
8804
1552
3340
7822
1450
4298
3056
1835
8836
7542
7950
4961
5235
5731
7333
5254
2538
2137
5297
5449
3114
7753
10036
9653
4139
527
338
2832
8010
2562
1081
605
7607
2528
8191
68
3193
9554
6063
4195
10062
7526
5655
2044
1418
4210
1591
7392
2086
7755
6934
7288
1981
6304
2555
2687
2314
8734
4030
7648
5754
3872
8237
3100
7809
1632
4437
6700
5482
4059
6021
4036
8668
5571
8152
3675
9208
1364
5542
912
9162
6413
2174
1064
8617
2942
9630
1326
3554
6204
3393
3833
6484
5626
7304
5600
9579
6166
3622
551
7572
7602
6181
8910
3646
4380
9349
8758
1078
3421
2685
507
207
9434
4398
7362
9250
2888
6177
2247
2833
2897
873
6348
6207
3994
6710
3757
8366
470
6901
5460
4918
2931
2473
5533
1887
5321
4855
6033
10007
5805
354
9237
599
621
7711
7517
5032
2801
9919
1346
1286
6743
4832
7195
6269
29
6656
901
5159
7657
4945
4209
2951
9392
4428
9294
8861
3616
7441
7259
9594
6763
7920
4467
5018
831
3873
1686
9255
3507
7145
9604
9565
2594
1260
10083
3454
5117
4411
4174
5478
2613
7545
4304
4901
1737
2160
9356
5570
1103
9124
4351
3086
2150
6963
9142
8753
8069
819
2094
9269
6832
7502
7369
3783
210
3958
1376
6190
3289
5101
3929
6496
1748
4016
7138
9820
529
9906
5013
4762
7214
2805
5502
318
6273
7765
1202
1997
4094
6411
5129
6699
3330
1565
989
5093
7151
4733
4387
9921
9561
3526
8820
7005
9066
8525
4628
8788
7686
5426
5274
6955
34
266
2121
5290
4696
714
366
3573
5169
2800
11
3662
8999
9936
3888
115
9067
9245
6806
9375
9474
7924
1495
4446
1813
9858
9635
8338
3758
6086
5442
9146
3187
9216
636
3120
5869
1513
4067
6673
1679
6527
8989
3933
6364
8289
7061
4694
5917
3562
5472
2934
4236
1262
4768
4396
190
9965
1929
3550
6683
5940
2821
5569
187
5255
7080
2573
5305
7881
1370
3749
3477
8485
4190
7050
4264
795
994
8629
8431
5861
9910
7045
6165
2634
7561
4249
9741
373
4754
7377
3211
2273
7658
5512
4621
9461
53
2905
3388
8057
7870
3893
7757
5116
4769
4595
696
3040
3720
4347
9816
8436
7564
1974
2295
8278
4225
6200
5211
3334
3190
3438
3261
6882
5839
2556
7738
3147
3341
8243
2915
9135
7500
3037
6723
6280
7776
6869
7702
8535
9493
9326
127
5771
1413
3988
1848
2574
8678
7107
1090
5881
5077
5115
4214
2453
7662
8966
7501
5053
7715
8927
2820
286
4571
4404
4969
2709
1189
3714
2501
8995
8201
5584
9570
7888
2378
7661
758
8017
8370
3219
8199
8211
9114
7012
9597
6492
6077
5578
4379
2022
5911
5786
937
343
556
8992
2112
7033
2285
2955
232
6318
4350
3544
4533
3431
7553
3819
8547
6400
5931
1055
2427
3006
8747
4790
973
4182
679
7219
2672
5448
1056
5382
13
5082
8935
4163
3054
4513
6949
3480
400
2656
7789
9000
7714
3876
7993
2519
3904
5653
6111
390
9266
2171
7597
9222
6389
3460
2275
9871
2023
1698
5936
3217
9054
4090
2591
4052
7485
10085
6429
5134
6913
7429
2384
8495
8164
5357
5370
2839
4680
6306
5016
7177
4136
2410
3598
1332
80
5355
2474
8835
1464
6481
1040
876
6542
4447
5721
6431
3542
1005
5106
1725
863
2917
6412
3513
2396
8982
9471
6180
5645
1795
3697
1293
8879
5096
3696
9609
7238
9455
4583
6193
7058
902
4482
7628
1917
6902
8541
1625
2124
7876
6646
3744
4329
6604
8115
4040
1337
5294
2447
7265
4338
3727
676
9676
111
9617
4023
3350
1419
3034
6583
5438
695
429
4253
5405
4905
5395
1480
1249
1903
4686
8934
8452
9473
8586
1465
8280
1039
1930
2825
2331
1967
9111
6657
2568
2238
10034
5609
5391
9378
4888
6325
410
7375
1483
8991
4115
3275
6933
2268
3698
422
2241
2711
7679
4633
4663
10035
5829
2488
6058
509
6593
9176
3242
548
1167
3202
9078
8569
7659
5145
3416
959
4296
8640
4463
1447
6626
942
2903
1285
978
8542
2890
363
3602
4950
4567
8564
3651
2766
5009
6638
9638
135
2608
3607
6998
7911
9289
10069
6666
3472
709
9149
7306
201
4589
7470
7551
4450
6948
8516
4171
4041
5669
3272
176
8714
1405
7649
6801
8178
6097
1883
553
6245
3614
3985
5459
1797
8615
7268
2617
4547
7292
3189
878
340
6650
4141
3796
3212
1215
6588
8025
6206
2879
4371
3967
2197
7364
7588
1731
919
7327
2451
9153
2210
6249
1823
1741
7436
5470
3769
416
460
141
3142
7222
6654
2049
2508
3765
7895
3970
7709
2658
9582
3560
619
1063
4010
7067
3764
7754
745
3457
9072
425
9209
1607
408
950
5011
9849
9425
8301
7574
8795
1463
9585
4170
6579
6270
4167
6384
3752
6231
8662
9640
3946
74
2281
3436
8527
4826
8477
3774
7897
1618
6589
8283
7132
6662
8052
7758
1971
9949
5516
2132
1527
10022
6931
4786
7133
3601
2514
5111
4687
8257
2073
1791
6872
3479
2005
6556
3411
4914
1348
5201
6660
4895
1325
6652
1973
6518
2520
2095
8426
3424
3755
7636
9010
932
1599
573
7538
899
9788
10079
3186
5684
6142
630
748
3799
7984
3428
2380
6587
3534
7919
5581
4870
7218
6887
5514
5795
3381
3245
1735
7801
9957
1245
6670
8936
7064
5750
3426
89
6786
5552
9408
9399
8514
3176
1378
7554
6220
7464
4127
7011
9302
3928
362
3322
8807
3473
6835
6935
348
5263
3780
7807
772
9920
126
1058
7922
279
1000
6185
1907
2493
5543
8718
1324
1496
8244
3702
5251
6876
2446
9514
9862
9894
558
4553
8667
6438
7106
9181
411
5768
12
2069
1864
6515
249
4504
3736
8212
4458
7124
690
5732
5402
980
2960
3380
9437
5643
1360
2603
7632
8297
5289
8928
3938
5361
1987
8517
9812
3239
5614
1195
503
798
7405
2288
2860
2819
4962
746
6462
8062
1643
7176
7279
8636
7428
8945
5574
6739
940
8176
703
2749
1536
1439
8454
3377
297
8207
951
2421
1517
9083
9059
246
4753
818
8884
10047
7771
1233
7586
1079
5398
9545
6337
6159
968
5895
4704
9497
3059
8748
5097
7938
4321
1121
375
8049
5725
3609
9881
6659
8003
4433
4853
1569
1876
5154
5984
5767
7397
2424
9334
5327
6119
6120
9376
7488
9524
490
3814
8099
6937
464
7346
2906
816
4462
9465
9351
7839
7622
3051
2202
5221
1069
4817
2491
1279
5504
1622
1155
1705
10046
7957
7981
3029
2369
4698
8127
7065
574
4002
8274
5865
7692
2002
5489
1579
8555
121
5447
2243
3205
1543
7898
4466
9598
2779
3553
7180
9878
4609
6992
2413
5536
7660
9060
4921
1015
5932
2945
2296
4148
171
6922
9454
6171
7108
7730
493
1638
1581
7251
1833
7085
7817
2403
4134
2702
9751
9372
9256
5526
1097
4844
478
3992
3866
3153
9526
5737
3882
7980
9939
5463
9581
7335
5291
2774
3582
7569
4292
8606
7921
4514
5476
1284
7492
4084
7675
4711
1136
6648
6845
3408
2226
775
3665
5285
4638
4196
4300
1655
3585
3629
5073
9145
4916
5204
4552
5119
4656
1943
4655
2280
1778
955
7330
8670
4477
3635
8693
7931
3641
6630
8438
5716
8499
9624
1604
10100
549
6781
7764
9702
9626
1988
9281
3463
3747
4764
9414
71
8235
4812
8690
3358
5840
3679
3331
524
774
5256
2742
7816
6103
2597
9535
7277
5934
7608
3731
2740
4259
3382
4619
4445
5603
5886
697
9109
3346
8189
2987
3386
8528
2054
4021
2701
5966
5838
9101
2135
5518
7891
7221
3459
1723
2875
1300
7510
91
9880
8422
3920
2371
6087
2191
1576
9119
7280
3806
10025
8572
1600
1673
5397
4758
3236
2111
1424
3014
4741
3127
5557
1554
4719
812
9032
6822
8532
6633
2059
5142
8293
4849
2070
8761
1952
3925
8537
5606
10073
4176
4366
7234
5200
5109
8821
913
8699
2524
5400
9819
2653
7599
6490
2929
1875
9567
2817
7197
8709
3521
9358
7695
2061
5079
9709
302
5170
4702
5404
3132
5646
2415
6108
5651
5568
628
4516
3842
1409
2012
4542
8349
8356
7016
2272
8840
5232
4470
5411
1891
7420
6475
842
1320
3461
5226
2572
2813
1273
6735
1065
6447
8743
9595
2880
2098
4487
4434
3179
3117
9398
3383
9026
1742
4858
1701
3713
9563
3618
431
3363
219
1619
6530
333
8464
5539
3458
7547
8850
1049
9824
8691
5802
1492
5466
7697
7886
7023
2901
6324
3395
4000
6136
5537
5217
8089
9409
8066
6473
583
7509
4299
8616
7406
6465
4193
9596
3158
4126
4349
1949
31
2334
9699
9232
4456
4603
6603
4771
3099
7525
227
1440
647
7190
6235
5587
6741
10041
9182
5554
1124
6493
9148
3724
6308
2139
9960
4714
5152
4442
9847
2728
8891
3030
6346
8981
5157
8897
1160
3026
9433
6540
5212
5972
1850
5961
2840
1838
9679
1574
8672
3579
1432
1246
4800
6567
5573
8844
7341
321
1722
3131
663
1034
849
1924
6979
3680
8737
882
5592
5610
5535
7402
6569
452
757
7866
8521
4697
9323
6140
2991
3703
3753
7266
4520
5620
9791
2612
5309
4056
7087
6896
8573
5562
6255
4713
5534
472
7735
1240
9913
2857
185
9413
2582
459
7159
4092
1798
8205
8565
5068
1720
3686
736
5480
4318
5876
8459
1023
1920
3046
2018
6624
4579
9521
4064
6302
8404
1489
4257
8323
6950
6821
7256
3201
7520
4737
4285
1953
1549
7136
7403
2924
5548
1435
1266
2408
4700
2206
8184
3152
4418
3088
3254
4058
2324
8435
1648
4732
1306
5252
9573
9335
3633
7472
1379
6343
6676
7573
86
8483
7024
3734
195
823
8078
3470
3379
5586
3599
1212
629
7790
7731
3304
7056
8728
5761
8829
4356
188
7230
8711
8418
8253
7528
6864
3745
4065
5878
6080
4566
2725
6578
4908
7808
7365
5000
9616
9504
152
7878
5583
2669
8652
8582
7773
2162
744
8818
9319
4243
6126
139
1637
2200
124
6757
3669
5104
8638
5656
3636
9749
2849
3632
6019
3492
1534
547
7556
1267
2377
6125
9367
7389
6104
5296
3808
1458
4830
5528
5820
6729
8250
9728
6313
2387
2869
365
7031
1996
3252
7906
9981
1614
4871
349
3057
7736
3235
5435
189
1264
4593
1054
992
6520
4929
3214
1682
4556
6407
7788
4284
484
5743
8012
2401
9240
3047
2120
5095
2966
9737
9942
5420
5477
8342
6461
1117
7536
5791
5430
1179
496
4154
2841
3563
6446
10032
2545
58
7004
1713
4290
9221
7184
4315
3103
9391
6910
9639
8751
9690
1738
3307
810
9328
8172
7798
6526
1817
592
4417
1660
3282
9665
7797
7792
5497
7075
5672
374
8138
9438
4884
9393
7760
5197
1769
7414
2350
5422
8151
5817
5619
1095
7237
7242
6042
414
958
6088
1810
6134
8230
1174
7182
3361
4611
3430
4359
120
9730
5692
869
4645
8255
1205
2771
1455
1074
4026
2397
6558
570
7918
2010
5906
8687
5368
4142
3712
9900
4175
952
2516
1077
6840
7853
5810
756
4594
9864
4103
2052
2511
8185
1460
10065
9842
5751
6099
3973
7444
6868
8102
6082
4587
8994
3786
8544
1994
1546
9186
9605
8796
7361
1825
3180
3730
4373
1976
9314
3909
5126
5064
4831
805
8287
5001
533
4752
8634
9298
8260
3279
618
6205
2417
3555
4362
9357
689
9696
4194
2716
7811
9876
3500
3008
2683
752
8316
9988
9542
9458
7038
789
3024
7606
1522
4658
4748
1508
7070
4730
9193
8827
7188
3200
2134
3718
9053
7533
6802
3096
2863
9912
9666
2731
9088
2252
4327
3943
1852
9418
1425
1644
6398
3154
7707
8812
905
1828
4268
9065
4839
2158
10096
5348
3681
6153
8070
5267
3259
9888
5021
569
627
4188
8037
1138
7935
6421
1180
5723
9360
7162
469
4104
243
1323
6908
2236
112
9869
2689
2452
9959
8733
3333
8548
7612
8247
4585
9484
2961
5859
2205
4938
2027
7626
1642
9395
2633
4191
5288
8914
6152
6445
9718
4635
7669
7117
3335
9394
6370
4033
1270
57
492
2347
1573
4511
4001
8724
5711
277
6055
6279
1225
3705
7643
8920
7317
5247
5271
4701
192
384
753
4473
196
1241
7249
3566
3907
2013
3451
5052
6433
918
9332
615
3263
1788
8608
1605
5880
2836
8507
9837
5851
6958
9263
6736
4848
9956
4099
1892
4829
5821
4429
8680
4086
3419
8838
2141
8447
7850
7774
2703
44
6360
2000
8710
949
5367
1433
6889
198
7946
9967
1162
7206
1426
2882
9821
2436
8853
1355
3283
3593
9103
4039
6426
2734
73
6927
1140
2383
6336
8649
8126
117
7166
5354
1111
6050
293
565
9341
3452
9169
5195
5988
6442
8035
6697
228
2228
3630
6095
3886
9805
7951
4840
5413
2531
7008
9952
114
130
7167
1555
8742
5887
1913
6248
33
8942
8161
8705
6737
9979
6986
8520
8333
9095
395
4414
6904
930
8605
801
4122
8500
7178
5923
380
7022
2692
3240
8533
9296
341
5777
7955
3328
1780
1577
3877
4890
6766
8056
787
9778
1146
263
401
6295
8048
7371
3049
5210
2194
7334
1301
6875
7225
4667
412
9046
3183
9872
8124
8229
4204
2536
4489
2780
3422
7286
7276
8594
8570
1542
5412
5995
5322
5855
1243
5242
3830
4894
108
3124
1220
9984
5595
7322
2439
1779
4640
9063
620
5937
4897
8001
8298
9705
7465
8990
255
2720
2140
2713
2667
5636
7388
4550
1022
602
6027
6419
9317
9443
9041
1487
2169
1716
5622
4851
6550
4479
93
9445
2076
5275
4453
9523
4088
2804
1384
2063
6067
9968
9726
8397
9833
6024
4934
4861
6916
9983
257
4827
9251
4205
7691
4363
5190
2361
6247
7474
4531
8863
5871
8471
377
9742
542
1501
2876
6907
3902
1993
5993
1627
7592
4246
661
5316
704
3508
6230
10086
5408
134
7985
9518
9716
6610
8036
9934
9476
5392
415
7503
606
3486
6517
5913
2460
3475
8627
9074
6005
5524
7893
7398
5999
10088
5883
2220
7453
3163
9800
3434
4746
6100
2814
7646
1787
226
916
1561
666
8809
1250
276
622
1799
3594
563
4872
5782
6035
1511
5112
327
10090
133
9987
6258
2472
6065
768
2957
7462
832
5343
3772
1462
5599
6716
8905
1808
4523
5994
4216
2569
7832
7979
9706
8166
4544
6418
7393
504
1849
3076
2540
1218
3425
9798
6597
1784
9566
180
7477
10001
350
6768
5641
5819
8409
5234
4468
1347
6831
322
7527
2186
8165
5040
10066
2031
2015
9370
5454
6721
5921
4368
6844
9226
4880
8400
1906
6299
372
4416
9364
10051
2622
7057
9210
7200
7932
1647
6191
3957
4508
3807
9977
9137
6891
3897
8128
5345
5494
6030
5403
6393
9087
5992
1135
8793
7324
4778
2586
7652
5051
3373
6322
5468
1939
6758
6345
8786
5717
6926
9711
5218
3793
2184
4200
1120
8019
7205
4948
4153
8987
4665
3533
3036
4370
9049
6592
2287
733
9439
6857
4181
8775
5926
9627
8271
8639
5816
669
2602
7347
9127
2192
4239
3990
4959
1885
9073
3801
4885
635
9588
9932
5551
8009
10042
7135
3854
7693
6513
4922
5930
9020
5928
6381
2161
7708
3175
5258
8391
617
8979
4448
2454
1272
5857
5685
3442
3336
9094
1203
6730
7687
23
3572
7644
2301
8694
8648
3246
6903
2016
3741
8245
6728
9868
5774
5701
6838
8268
8810
5469
9422
202
3474
403
6222
4977
2056
2902
7152
479
3608
2547
2773
4062
5868
267
730
6573
5319
6233
2053
5346
9191
1453
2180
2764
830
9982
10084
9784
8551
8831
6681
3549
369
9496
936
42
1717
4739
6506
9773
342
1193
1345
7096
7605
4659
7323
5634
325
7042
274
2643
3039
6225
6332
9044
